( 5, 4) ( 5, 3) ( 3, 5) ( 3, 2) ( 2, 3) ( 2, 1) ( 1, 2) ( 1, 0) ( 0, 1) ( 0,22) (22, 0) (22,23) (23,22) (23,21) (21,23) (21,19) (19,21) (19,18) (18,19) (18,20) 
( 4, 3) ( 3, 4) ( 5, 2) ( 2, 5) ( 3, 1) ( 1, 3) ( 2, 0) ( 0, 2) ( 1,22) (22, 1) ( 0,23) (23, 0) (22,21) (21,22) (23,19) (19,23) (21,18) (18,21) (19,20) (20,19) 
( 3, 9) ( 4, 2) ( 2, 4) ( 5, 1) ( 1, 5) ( 3, 0) ( 0, 3) ( 2,22) (22, 2) ( 1,23) (23, 1) ( 0,21) (21, 0) (22,19) (19,22) (23,18) (18,23) (21,20) (20,21) (19,17) 
( 9, 2) ( 2, 9) ( 4, 1) ( 1, 4) ( 5, 0) ( 0, 5) ( 3,22) (22, 3) ( 2,23) (23, 2) ( 1,21) (21, 1) ( 0,19) (19, 0) (22,18) (18,22) (23,20) (20,23) (21,17) (17,21) 
( 2, 8) ( 9, 1) ( 1, 9) ( 4, 0) ( 0, 4) ( 5,22) (22, 5) ( 3,23) (23, 3) ( 2,21) (21, 2) ( 1,19) (19, 1) ( 0,18) (18, 0) (22,20) (20,22) (23,17) (17,23) (21,13) 
( 8, 1) ( 1, 8) ( 9, 0) ( 0, 9) ( 4,22) (22, 4) ( 5,23) (23, 5) ( 3,21) (21, 3) ( 2,19) (19, 2) ( 1,18) (18, 1) ( 0,20) (20, 0) (22,17) (17,22) (23,13) (13,23) 
( 1, 7) ( 8, 0) ( 0, 8) ( 9,22) (22, 9) ( 4,23) (23, 4) ( 5,21) (21, 5) ( 3,19) (19, 3) ( 2,18) (18, 2) ( 1,20) (20, 1) ( 0,17) (17, 0) (22,13) (13,22) (23,12) 
( 7, 0) ( 0, 7) ( 8,22) (22, 8) ( 9,23) (23, 9) ( 4,21) (21, 4) ( 5,19) (19, 5) ( 3,18) (18, 3) ( 2,20) (20, 2) ( 1,17) (17, 1) ( 0,13) (13, 0) (22,12) (12,22) 
( 0, 6) ( 7,22) (22, 7) ( 8,23) (23, 8) ( 9,21) (21, 9) ( 4,19) (19, 4) ( 5,18) (18, 5) ( 3,20) (20, 3) ( 2,17) (17, 2) ( 1,13) (13, 1) ( 0,12) (12, 0) (22,11) 
( 6,22) (22, 6) ( 7,23) (23, 7) ( 8,21) (21, 8) ( 9,19) (19, 9) ( 4,18) (18, 4) ( 5,20) (20, 5) ( 3,17) (17, 3) ( 2,13) (13, 2) ( 1,12) (12, 1) ( 0,11) (11, 0) 
(22,16) ( 6,23) (23, 6) ( 7,21) (21, 7) ( 8,19) (19, 8) ( 9,18) (18, 9) ( 4,20) (20, 4) ( 5,17) (17, 5) ( 3,13) (13, 3) ( 2,12) (12, 2) ( 1,11) (11, 1) ( 0,10) 
(16,23) (23,16) ( 6,21) (21, 6) ( 7,19) (19, 7) ( 8,18) (18, 8) ( 9,20) (20, 9) ( 4,17) (17, 4) ( 5,13) (13, 5) ( 3,12) (12, 3) ( 2,11) (11, 2) ( 1,10) (10, 1) 
(23,24) (16,21) (21,16) ( 6,19) (19, 6) ( 7,18) (18, 7) ( 8,20) (20, 8) ( 9,17) (17, 9) ( 4,13) (13, 4) ( 5,12) (12, 5) ( 3,11) (11, 3) ( 2,10) (10, 2) ( 1,27) 
(24,21) (21,24) (16,19) (19,16) ( 6,18) (18, 6) ( 7,20) (20, 7) ( 8,17) (17, 8) ( 9,13) (13, 9) ( 4,12) (12, 4) ( 5,11) (11, 5) ( 3,10) (10, 3) ( 2,27) (27, 2) 
(21,14) (24,19) (19,24) (16,18) (18,16) ( 6,20) (20, 6) ( 7,17) (17, 7) ( 8,13) (13, 8) ( 9,12) (12, 9) ( 4,11) (11, 4) ( 5,10) (10, 5) ( 3,27) (27, 3) ( 2,25) 
(14,19) (19,14) (24,18) (18,24) (16,20) (20,16) ( 6,17) (17, 6) ( 7,13) (13, 7) ( 8,12) (12, 8) ( 9,11) (11, 9) ( 4,10) (10, 4) ( 5,27) (27, 5) ( 3,25) (25, 3) 
(19,26) (14,18) (18,14) (24,20) (20,24) (16,17) (17,16) ( 6,13) (13, 6) ( 7,12) (12, 7) ( 8,11) (11, 8) ( 9,10) (10, 9) ( 4,27) (27, 4) ( 5,25) (25, 5) ( 3,28) 
(26,18) (18,26) (14,20) (20,14) (24,17) (17,24) (16,13) (13,16) ( 6,12) (12, 6) ( 7,11) (11, 7) ( 8,10) (10, 8) ( 9,27) (27, 9) ( 4,25) (25, 4) ( 5,28) (28, 5) 
(18,15) (26,20) (20,26) (14,17) (17,14) (24,13) (13,24) (16,12) (12,16) ( 6,11) (11, 6) ( 7,10) (10, 7) ( 8,27) (27, 8) ( 9,25) (25, 9) ( 4,28) (28, 4) ( 5,15) 
(15,20) (20,15) (26,17) (17,26) (14,13) (13,14) (24,12) (12,24) (16,11) (11,16) ( 6,10) (10, 6) ( 7,27) (27, 7) ( 8,25) (25, 8) ( 9,28) (28, 9) ( 4,15) (15, 4) 
(20,28) (15,17) (17,15) (26,13) (13,26) (14,12) (12,14) (24,11) (11,24) (16,10) (10,16) ( 6,27) (27, 6) ( 7,25) (25, 7) ( 8,28) (28, 8) ( 9,15) (15, 9) ( 4,26) 
(28,17) (17,28) (15,13) (13,15) (26,12) (12,26) (14,11) (11,14) (24,10) (10,24) (16,27) (27,16) ( 6,25) (25, 6) ( 7,28) (28, 7) ( 8,15) (15, 8) ( 9,26) (26, 9) 
(17,25) (28,13) (13,28) (15,12) (12,15) (26,11) (11,26) (14,10) (10,14) (24,27) (27,24) (16,25) (25,16) ( 6,28) (28, 6) ( 7,15) (15, 7) ( 8,26) (26, 8) ( 9,14) 
(25,13) (13,25) (28,12) (12,28) (15,11) (11,15) (26,10) (10,26) (14,27) (27,14) (24,25) (25,24) (16,28) (28,16) ( 6,15) (15, 6) ( 7,26) (26, 7) ( 8,14) (14, 8) 
(13,27) (25,12) (12,25) (28,11) (11,28) (15,10) (10,15) (26,27) (27,26) (14,25) (25,14) (24,28) (28,24) (16,15) (15,16) ( 6,26) (26, 6) ( 7,14) (14, 7) ( 8,24) 
(27,12) (12,27) (25,11) (11,25) (28,10) (10,28) (15,27) (27,15) (26,25) (25,26) (14,28) (28,14) (24,15) (15,24) (16,26) (26,16) ( 6,14) (14, 6) ( 7,24) (24, 7) 
(12,10) (27,11) (11,27) (25,10) (10,25) (28,27) (27,28) (15,25) (25,15) (26,28) (28,26) (14,15) (15,14) (24,26) (26,24) (16,14) (14,16) ( 6,24) (24, 6) ( 7,16) 
(10,11) (11,10) (27,10) (10,27) (25,27) (27,25) (28,25) (25,28) (15,28) (28,15) (26,15) (15,26) (14,26) (26,14) (24,14) (14,24) (16,24) (24,16) ( 6,16) (16, 6) 
